VUE_APP_DEFAULT_LATITUDE=45.899247
VUE_APP_DEFAULT_LONGITUDE=6.129384
VUE_APP_OW_APP_ID=18eb148e3ecf4153e5301258bb078205
